%% Table 1: replication Table 3B  30%
K_T1 = [30.00           35.00           40.00           45.00           50.00];

%method: SOB
Vsob_T1 = [13.57411825     10.35560859      7.65955051      5.48988227      3.81327515];
tsob_T1 = [0.0949          0.0038          0.0009          0.0009          0.0009];

%method: HybMMICUB
Vhyb_T1 = [13.70816561     10.46458807      7.75369648      5.57528053      3.89219742];
thyb_T1 = [29.7885         27.7239         26.2146         24.4148         23.3674];

%method: MC
Vmc_T1 = mean([13.58542311     10.36419061      7.66500147      5.49203143      3.81278269;
    13.57421742     10.35252662      7.65502181      5.48615305      3.81146142;
    13.57786277     10.35991965      7.66449710      5.49422003      3.81932202;
    13.55899272     10.34003892      7.64477387      5.47695685      3.80413554;
    13.57194211     10.35477874      7.65951595      5.48880980      3.81254540]);
tmc_T1 = [1199.6050, 1203.5268, 1224.0264, 1229.8738, 1226.5008];

%% Table 1B: replication Table 3B  60%
K_T1B = [30.00           35.00           40.00           45.00           50.00];

%method: SOB
Vsob_T1B = [20.19296510     17.46402821     15.01487692     12.83756758     10.91911615];
tsob_T1B = [0.0010          0.0009          0.0012          0.0009          0.0009];

%method: HybMMICUB
Vhyb_T1B = [20.36537255     17.64027011     15.19926035     13.03199087     11.12354364];
thyb_T1B = [34.4847         33.2617         32.4170         31.6599         31.8611];

%method: MC
Vmc_T1B = mean([20.26156404     17.52734075     15.07344002     12.89335977     10.97361896;
    20.19700998     17.46992882     15.02390047     12.84926791     10.93549156;    
    20.20219930     17.47534812     15.02875324     12.85331624     10.93801258;
    20.27003816     17.53744653     15.08553171     12.90545873     10.98315987;
    20.18577446     17.45886549     15.01027262     12.83362802     10.91658808]);
tmc_T1B = [1234.9290 1247.0605 1288.3839 1356.0331 1369.0820];

%% Table 2: replication Table 3B  60%
K_T2 = [0.00            5.00           10.00           15.00           20.00];

%method: SOB
V_T2 = [57.11596143     54.58244249     52.13333101     49.76793862     47.48543012];
tsob_T2 = [0.0820          0.0038          0.0013          0.0012          0.0012];

%method: HybMMICUB
Vhyb_T2 = [58.12416242     55.55315060     53.07002297     50.67383244     48.36348174];
thyb_T2 = [24.1543         24.9447         24.4920         24.0824         23.7346];

%method: MC
Vmc_T2 = mean([57.36750873     54.82917045     52.37789643     50.01287078     47.73347574;
    57.36005952     54.81990639     52.36721959     50.00078630     47.71974520;
    57.34361501     54.80516809     52.35243206     49.98488903     47.70108174;
	57.23692345     54.70110842     52.25331909     49.89116773     47.61345815;
    57.45853369     54.91896205     52.46696749     50.10155787     47.82031514]);
tmc_T2 = [2624.9166 2645.0353   2648.2107   2655.8532   2663.0370];

%% Table: replication Table 6 
K_T3 = [-5.00, -10.00, -20.00, -30.00, -40.00, -50.00, -60.00];

%method: SOB
Vsob_T3 = [2.73845142, 4.22594788, 8.15923861, 12.17895548, 15.45444161, 18.95018040, 22.94834500];
tsob_T3 = [0.1000, 0.0031, 0.0006, 0.0006, 0.0006, 0.0006, 0.0006];

%method: HybMMICUB
Vhyb_T3 = [1.60293522, 2.49993435, 5.30973011, 9.66539675, 15.55932975, 22.77107032, 30.98596037];
thyb_T3 = [10.1096, 10.3717, 10.8893, 11.8102, 12.5759, 13.3884, 13.9410];

%method: MC
Vmc_T3 = mean([1.43900571, 2.27871112, 4.95166854, 9.12649268, 14.77879412, 21.68380529, 29.52805011;
    1.43503034, 2.27495143, 4.94504861, 9.12053712, 14.77501923, 21.67575165, 29.51403110;
    1.43617120, 2.27479821, 4.94280822, 9.11505638, 14.76669481, 21.66823446, 29.50649268;
	1.43911401, 2.28112868, 4.95634490, 9.13906551, 14.79972191, 21.71056944, 29.55653598;
	1.44324390, 2.28572748, 4.95701516, 9.13320227, 14.78991355, 21.69696617, 29.54341715;
    1.43767130, 2.27848080, 4.95017615, 9.12186491, 14.77505396, 21.67787792, 29.51774204;
	1.43518156, 2.27519141, 4.94163198, 9.11293228, 14.76473066, 21.66723225, 29.50648662]);

tmc_T3 = [1950.7324, 1977.7675, 2007.5136, 2073.4745, 2064.4071, 2107.0679];

%% Table: sigma descending 60% N=10
K_T4 = [50.00, 60.00, 70.00, 80.00, 90.00];

%method: SOB
Vsob_T4 = [54.17122047     46.51194545     39.72029579     33.77434954     28.59189210];
tsob_T4 = [0.1040          0.0042          0.0010          0.0012          0.0010];

%method: HybMMICUB
Vhyb_T4 = [60.52224717     53.38855703     46.95649449     41.20443734     36.09582137];
thyb_T4 = [39.2670         38.9913         38.8996         38.6305         38.1918];

%method: MC
Vmc_T4 = mean([56.80812322     49.96394850     43.83245602     38.38939898     33.58939970;
	56.75289432     49.90700794     43.77875769     38.33773528     33.53990833;
	56.83464022     49.99070743     43.86130068     38.42084606     33.62319001;
	56.70698068     49.86144789     43.73365312     38.29330031     33.49707605;
	56.86062293     50.00869689     43.87291029     38.42765668     33.62463156]);
tmc_T4 =  [4671.4297  4693.8200  4167.0609  4591.1067  4429.3326];

%% Table: sigma descending 60% N=50
K_T5 = [50.00, 60.00, 70.00, 80.00, 90.00];

%method: SOB
Vsob_T5 = [84.64862715     79.56225663     74.72817854     70.13443386     65.76935152];
tsob_T5 = [0.0846          0.0037          0.0012          0.0012          0.0012];

%method: HybMMICUB
Vhyb_T5 = [133.42269693    128.90019811    124.53613628    120.32569238    116.26390219];
thyb_T5 = [32.4382         32.4304         32.3827         33.3153         33.2331];

%method: MC
Vmc_T5 = mean([126.04526949    121.78078628    117.66806155    113.70100664    109.87401255;
    125.92251274    121.66431642    117.55625677    113.59387317    109.77364844;
    125.87290521    121.60859801    117.49390396    113.52546462    109.69689862;
    125.81799829    121.55327539    117.44106976    113.47585124    109.65331024;
    126.06340243    121.79116639    117.67057218    113.69632637    109.86378460]);
tmc_T5 = [2211.2963	2205.6908	2085.0878	1987.9800	1988.1364];

%% Table: rho alternating 30% N=10
K_T6 =[50.00, 60.00, 70.00, 80.00, 90.00];
%method: SOB
Vsob_T6 =[52.46124119     43.09280338     34.11771515     25.94682682     18.94950528];
tsob_T6 = [0.1035          0.0043          0.0011          0.0010          0.0010];

%method: HybMMICUB
Vhyb_T6 =[55.29908737     45.74387193     36.78558565     28.73325109     21.81763206];
thyb_T6 =[33.0791         31.9866         30.4531         29.4556         29.2926];

%method: MC
Vmc_T6 = mean([52.57319710     43.44747985     34.89279477     27.21828500     20.64800583;
	52.58038926     43.45441987     34.89964543     27.22607284     20.65734700;
	52.57580752     43.44609470     34.88404003     27.20366449     20.62939171;
	52.45711234     43.33067277     34.77577657     27.10729564     20.54932157;
	52.58829245     43.46039498     34.90013330     27.22039577     20.64405485]);
tmc_T6 = [4226.9522 	4231.0190 	4223.0232 	4232.5634 	4216.1095];

%% Table: rho alternating 60% N=10
K_T7 =[50.00, 60.00, 70.00, 80.00, 90.00];

%method: sob
Vsob_T7 = [54.18783042, 46.39807148, 39.41796112, 33.29244463, 27.98783093];
tsob_T7 = [0.0962, 0.0040, 0.0010, 0.0010, 0.0010];


Vhyb_T7 = [59.24827224, 51.84820181, 45.21641307, 39.33492586, 34.16275241];
thyb_T7 = [40.6062, 40.7258, 40.4124, 40.1852, 39.9517];

%method: MC
Vmc_T7 = mean([55.75326481, 48.65985782, 42.34402823, 36.78034280, 31.92009264;
	55.86416109, 48.75643845, 42.42288835, 36.84149967, 31.96046522;
	55.79484033, 48.69773268, 42.37487984, 36.80112009, 31.92770990;
	55.85052080, 48.75423259, 42.43111924, 36.86089655, 31.99251746;
	55.76192375, 48.67044014, 42.35009159, 36.77893834, 31.91006423]);
tmc_T7 = [4213.1866, 4209.7097, 4218.8108, 4219.0303, 10989.0938];


%% Table: rho alternating 30% N=50
K_8 = [50.00, 60.00, 70.00, 80.00, 90.00];

%method: SOB
